shape_id, shape_pt_lat, shape_pt_lon, shape_pt_sequence, shape_dist_traveled
BNSF_IB_1, 41.7608333, -88.3083333, 1,   0.00
BNSF_IB_1, 41.7641667, -88.2863889, 2,   1.20
BNSF_IB_1, 41.7777778, -88.2086111, 3,   5.90
BNSF_IB_1, 41.7797222, -88.1455556, 4,   9.10
BNSF_IB_1, 41.7977778, -88.0719444, 5,  13.10
BNSF_IB_1, 41.7952778, -88.0380556, 6,  14.90
BNSF_IB_1, 41.7952778, -88.0097222, 7,  16.40
BNSF_IB_1, 41.7952778, -87.9936111, 8,  17.20
BNSF_IB_1, 41.7955556, -87.9763889, 9,  18.10
BNSF_IB_1, 41.7969444, -87.9536111, 10,  19.30
BNSF_IB_1, 41.7988889, -87.9452778, 11,  19.70
BNSF_IB_1, 41.8027778, -87.9283333, 12,  20.70
BNSF_IB_1, 41.8050000, -87.9183333, 13,  21.20
BNSF_IB_1, 41.8088889, -87.9011111, 14,  22.10
BNSF_IB_1, 41.8141667, -87.8783333, 15,  23.40
BNSF_IB_1, 41.8158333, -87.8711111, 16,  23.80
BNSF_IB_1, 41.8188889, -87.8575000, 17,  24.50
BNSF_IB_1, 41.8219444, -87.8430556, 18,  25.20
BNSF_IB_1, 41.8244444, -87.8338889, 19,  25.80
BNSF_IB_1, 41.8272222, -87.8200000, 20,  26.50
BNSF_IB_1, 41.8313889, -87.8019444, 21,  27.50
BNSF_IB_1, 41.8330556, -87.7936111, 22,  27.90
BNSF_IB_1, 41.8355556, -87.7833333, 23,  28.50
BNSF_IB_1, 41.8411111, -87.7608333, 24,  29.00
BNSF_IB_1, 41.8441667, -87.7455556, 25,  30.50
BNSF_IB_1, 41.8577778, -87.6852778, 26,  33.80
BNSF_IB_1, 41.8602778, -87.6472222, 27,  35.70
BNSF_IB_1, 41.8788889, -87.6388889, 28,  37.50
BNSF_OB_1, 41.8788889, -87.6388889, 1,   0.00
BNSF_OB_1, 41.8602778, -87.6472222, 2,   1.80
BNSF_OB_1, 41.8577778, -87.6852778, 3,   3.70
BNSF_OB_1, 41.8441667, -87.7455556, 4,   7.00
BNSF_OB_1, 41.8411111, -87.7608333, 5,   8.50
BNSF_OB_1, 41.8355556, -87.7833333, 6,   9.00
BNSF_OB_1, 41.8330556, -87.7936111, 7,   9.60
BNSF_OB_1, 41.8313889, -87.8019444, 8,  10.00
BNSF_OB_1, 41.8272222, -87.8200000, 9,  11.00
BNSF_OB_1, 41.8244444, -87.8338889, 10,  11.70
BNSF_OB_1, 41.8219444, -87.8430556, 11,  12.30
BNSF_OB_1, 41.8188889, -87.8575000, 12,  13.00
BNSF_OB_1, 41.8158333, -87.8711111, 13,  13.70
BNSF_OB_1, 41.8141667, -87.8783333, 14,  14.10
BNSF_OB_1, 41.8088889, -87.9011111, 15,  15.40
BNSF_OB_1, 41.8050000, -87.9183333, 16,  16.30
BNSF_OB_1, 41.8027778, -87.9283333, 17,  16.80
BNSF_OB_1, 41.7988889, -87.9452778, 18,  17.80
BNSF_OB_1, 41.7969444, -87.9536111, 19,  18.20
BNSF_OB_1, 41.7955556, -87.9763889, 20,  19.40
BNSF_OB_1, 41.7952778, -87.9936111, 21,  20.30
BNSF_OB_1, 41.7952778, -88.0097222, 22,  21.10
BNSF_OB_1, 41.7952778, -88.0380556, 23,  22.60
BNSF_OB_1, 41.7977778, -88.0719444, 24,  24.40
BNSF_OB_1, 41.7797222, -88.1455556, 25,  28.40
BNSF_OB_1, 41.7777778, -88.2086111, 26,  31.60
BNSF_OB_1, 41.7641667, -88.2863889, 27,  36.30
BNSF_OB_1, 41.7608333, -88.3083333, 28,  37.50
HC_IB_1, 41.5244444, -88.0797222, 1,   0.00
HC_IB_1, 41.5850000, -88.0602778, 2,   4.40
HC_IB_1, 41.6736111, -88.0025000, 3,  12.00
HC_IB_1, 41.7333333, -87.8783333, 4,  19.80
HC_IB_1, 41.7597222, -87.8494444, 5,  24.20
HC_IB_1, 41.7950000, -87.8097222, 6,  25.40
HC_IB_1, 41.8183333, -87.7475000, 7,  27.00
HC_IB_1, 41.8300000, -87.7091667, 8,  29.40
HC_IB_1, 41.8425000, -87.6783333, 9,  30.70
HC_IB_1, 41.8444444, -87.6636111, 10,  32.20
HC_IB_1, 41.8544444, -87.6519444, 11,  33.80
HC_IB_1, 41.8788889, -87.6388889, 12,  37.30
HC_OB_1, 41.8788889, -87.6388889, 1,   0.00
HC_OB_1, 41.8544444, -87.6519444, 2,   3.50
HC_OB_1, 41.8444444, -87.6636111, 3,   5.10
HC_OB_1, 41.8425000, -87.6783333, 4,   6.60
HC_OB_1, 41.8300000, -87.7091667, 5,   7.90
HC_OB_1, 41.8183333, -87.7475000, 6,  10.30
HC_OB_1, 41.7950000, -87.8097222, 7,  11.90
HC_OB_1, 41.7597222, -87.8494444, 8,  13.10
HC_OB_1, 41.7333333, -87.8783333, 9,  17.50
HC_OB_1, 41.6736111, -88.0025000, 10,  25.30
HC_OB_1, 41.5850000, -88.0602778, 11,  32.90
HC_OB_1, 41.5244444, -88.0797222, 12,  37.30
MD-N_IB_1, 42.3983333, -88.1822222, 1,   0.00
MD-N_IB_1, 42.3838889, -88.1536111, 2,   1.70
MD-N_IB_1, 42.3680556, -88.1280556, 3,   3.50
MD-N_IB_1, 42.3544444, -88.0941667, 4,   5.50
MD-N_IB_1, 42.3336111, -88.0433333, 5,   8.50
MD-N_IB_1, 42.3233333, -88.0191667, 6,   9.40
MD-N_IB_1, 42.3230556, -88.0188889, 7,   9.60
MD-N_IB_1, 42.3225000, -88.0180556, 8,   9.70
MD-N_IB_1, 42.3208333, -88.0152778, 9,  10.30
MD-N_IB_1, 42.2911111, -87.9563889, 10,  14.00
MD-N_IB_1, 42.2788889, -87.8961111, 11,  17.30
MD-N_IB_1, 42.2236111, -87.8747222, 12,  21.50
MD-N_IB_1, 42.1680556, -87.8500000, 13,  25.30
MD-N_IB_1, 42.1516667, -87.8413889, 14,  26.50
MD-N_IB_1, 42.1269444, -87.8277778, 15,  28.40
MD-N_IB_1, 42.0975000, -87.8158333, 16,  30.90
MD-N_IB_1, 42.0750000, -87.8055556, 17,  32.10
MD-N_IB_1, 42.0583333, -87.7969444, 18,  33.30
MD-N_IB_1, 42.0350000, -87.7852778, 19,  35.20
MD-N_IB_1, 41.9977778, -87.7655556, 20,  37.90
MD-N_IB_1, 41.9780556, -87.7555556, 21,  39.30
MD-N_IB_1, 41.9647222, -87.7494444, 22,  40.10
MD-N_IB_1, 41.9636111, -87.7483333, 23,  40.50
MD-N_IB_1, 41.9597222, -87.7458333, 24,  40.60
MD-N_IB_1, 41.9488889, -87.7402778, 25,  41.40
MD-N_IB_1, 41.9247222, -87.7277778, 26,  43.20
MD-N_IB_1, 41.9111111, -87.7133333, 27,  44.20
MD-N_IB_1, 41.8891667, -87.6880556, 28,  46.70
MD-N_IB_1, 41.8869444, -87.6836111, 29,  46.80
MD-N_IB_1, 41.8866667, -87.6822222, 30,  46.90
MD-N_IB_1, 41.8788889, -87.6388889, 31,  49.60
MD-N_OB_1, 41.8788889, -87.6388889, 1,   0.00
MD-N_OB_1, 41.8866667, -87.6822222, 2,   2.70
MD-N_OB_1, 41.8869444, -87.6836111, 3,   2.80
MD-N_OB_1, 41.8891667, -87.6880556, 4,   2.90
MD-N_OB_1, 41.9111111, -87.7133333, 5,   5.40
MD-N_OB_1, 41.9247222, -87.7277778, 6,   6.40
MD-N_OB_1, 41.9488889, -87.7402778, 7,   8.20
MD-N_OB_1, 41.9597222, -87.7458333, 8,   9.00
MD-N_OB_1, 41.9636111, -87.7483333, 9,   9.10
MD-N_OB_1, 41.9647222, -87.7494444, 10,   9.50
MD-N_OB_1, 41.9780556, -87.7555556, 11,  10.30
MD-N_OB_1, 41.9977778, -87.7655556, 12,  11.70
MD-N_OB_1, 42.0350000, -87.7852778, 13,  14.40
MD-N_OB_1, 42.0583333, -87.7969444, 14,  16.30
MD-N_OB_1, 42.0750000, -87.8055556, 15,  17.50
MD-N_OB_1, 42.0975000, -87.8158333, 16,  18.70
MD-N_OB_1, 42.1269444, -87.8277778, 17,  21.20
MD-N_OB_1, 42.1516667, -87.8413889, 18,  23.10
MD-N_OB_1, 42.1680556, -87.8500000, 19,  24.30
MD-N_OB_1, 42.2236111, -87.8747222, 20,  28.10
MD-N_OB_1, 42.2788889, -87.8961111, 21,  32.30
MD-N_OB_1, 42.2911111, -87.9563889, 22,  35.60
MD-N_OB_1, 42.3208333, -88.0152778, 23,  39.30
MD-N_OB_1, 42.3225000, -88.0180556, 24,  39.90
MD-N_OB_1, 42.3230556, -88.0188889, 25,  40.00
MD-N_OB_1, 42.3233333, -88.0191667, 26,  40.20
MD-N_OB_1, 42.3336111, -88.0433333, 27,  41.10
MD-N_OB_1, 42.3544444, -88.0941667, 28,  44.10
MD-N_OB_1, 42.3680556, -88.1280556, 29,  46.10
MD-N_OB_1, 42.3838889, -88.1536111, 30,  47.90
MD-N_OB_1, 42.3983333, -88.1822222, 31,  49.60
MD-W_IB_1, 42.0586111, -88.3277778, 1,   0.00
MD-W_IB_1, 42.0361111, -88.2861111, 2,   3.20
MD-W_IB_1, 42.0263889, -88.2788889, 3,   3.80
MD-W_IB_1, 42.0116667, -88.2336111, 4,   4.60
MD-W_IB_1, 41.9922222, -88.1838889, 5,   9.70
MD-W_IB_1, 41.9880556, -88.1491667, 6,  11.40
MD-W_IB_1, 41.9891667, -88.1180556, 7,  13.30
MD-W_IB_1, 41.9813889, -88.0672222, 8,  15.90
MD-W_IB_1, 41.9780556, -88.0508333, 9,  16.80
MD-W_IB_1, 41.9713889, -88.0141667, 10,  18.80
MD-W_IB_1, 41.9625000, -87.9752778, 11,  20.70
MD-W_IB_1, 41.9569444, -87.9419444, 12,  22.60
MD-W_IB_1, 41.9519444, -87.9122222, 13,  22.80
MD-W_IB_1, 41.9416667, -87.8833333, 14,  25.80
MD-W_IB_1, 41.9366667, -87.8663889, 15,  26.60
MD-W_IB_1, 41.9341667, -87.8536111, 16,  27.10
MD-W_IB_1, 41.9311111, -87.8361111, 17,  28.40
MD-W_IB_1, 41.9247222, -87.8147222, 18,  29.60
MD-W_IB_1, 41.9216667, -87.8016667, 19,  30.30
MD-W_IB_1, 41.9191667, -87.7944444, 20,  30.70
MD-W_IB_1, 41.9163889, -87.7858333, 21,  31.20
MD-W_IB_1, 41.9166667, -87.7669444, 22,  32.10
MD-W_IB_1, 41.9144444, -87.7461111, 23,  33.20
MD-W_IB_1, 41.9111111, -87.7133333, 24,  34.40
MD-W_IB_1, 41.8891667, -87.6880556, 25,  36.90
MD-W_IB_1, 41.8869444, -87.6836111, 26,  37.00
MD-W_IB_1, 41.8866667, -87.6822222, 27,  37.10
MD-W_IB_1, 41.8788889, -87.6388889, 28,  39.80
MD-W_OB_1, 41.8788889, -87.6388889, 1,   0.00
MD-W_OB_1, 41.8866667, -87.6822222, 2,   2.70
MD-W_OB_1, 41.8869444, -87.6836111, 3,   2.80
MD-W_OB_1, 41.8891667, -87.6880556, 4,   2.90
MD-W_OB_1, 41.9111111, -87.7133333, 5,   5.40
MD-W_OB_1, 41.9144444, -87.7461111, 6,   6.60
MD-W_OB_1, 41.9166667, -87.7669444, 7,   7.70
MD-W_OB_1, 41.9163889, -87.7858333, 8,   8.60
MD-W_OB_1, 41.9191667, -87.7944444, 9,   9.10
MD-W_OB_1, 41.9216667, -87.8016667, 10,   9.50
MD-W_OB_1, 41.9247222, -87.8147222, 11,  10.20
MD-W_OB_1, 41.9311111, -87.8361111, 12,  11.40
MD-W_OB_1, 41.9341667, -87.8536111, 13,  12.70
MD-W_OB_1, 41.9366667, -87.8663889, 14,  13.20
MD-W_OB_1, 41.9416667, -87.8833333, 15,  14.00
MD-W_OB_1, 41.9519444, -87.9122222, 16,  17.00
MD-W_OB_1, 41.9569444, -87.9419444, 17,  17.20
MD-W_OB_1, 41.9625000, -87.9752778, 18,  19.10
MD-W_OB_1, 41.9713889, -88.0141667, 19,  21.00
MD-W_OB_1, 41.9780556, -88.0508333, 20,  23.00
MD-W_OB_1, 41.9813889, -88.0672222, 21,  23.90
MD-W_OB_1, 41.9891667, -88.1180556, 22,  26.50
MD-W_OB_1, 41.9880556, -88.1491667, 23,  28.40
MD-W_OB_1, 41.9922222, -88.1838889, 24,  30.10
MD-W_OB_1, 42.0116667, -88.2336111, 25,  35.20
MD-W_OB_1, 42.0263889, -88.2788889, 26,  36.00
MD-W_OB_1, 42.0361111, -88.2861111, 27,  36.60
MD-W_OB_1, 42.0586111, -88.3277778, 28,  39.80
ME_IB_1, 41.4594444, -87.7233333, 1,   0.00
ME_IB_1, 41.4855556, -87.7094444, 2,   2.20
ME_IB_1, 41.4986111, -87.7022222, 3,   3.30
ME_IB_1, 41.5061111, -87.6983333, 4,   3.90
ME_IB_1, 41.5213889, -87.6900000, 5,   4.90
ME_IB_1, 41.5430556, -87.6786111, 6,   6.60
ME_IB_1, 41.5622222, -87.6686111, 7,   8.00
ME_IB_1, 41.5736111, -87.6625000, 8,   8.70
ME_IB_1, 41.5808333, -87.6586111, 9,   9.20
ME_IB_1, 41.6083333, -87.6438889, 10,  11.50
ME_IB_1, 41.6227778, -87.6361111, 11,  12.50
ME_IB_1, 41.6333333, -87.6302778, 12,  13.30
ME_IB_1, 41.6466667, -87.6233333, 13,  14.20
ME_IB_1, 41.6766667, -87.6127778, 14,  16.80
ME_IB_1, 41.6777778, -87.6125000, 15,  16.90
ME_IB_1, 41.6858333, -87.6122222, 16,  17.00
ME_IB_1, 41.6927778, -87.6105556, 17,  17.50
ME_IB_1, 41.6997222, -87.6088889, 18,  18.00
ME_IB_1, 41.7069444, -87.6072222, 19,  18.40
ME_IB_1, 41.7219444, -87.6038889, 20,  19.50
ME_IB_1, 41.7294444, -87.6019444, 21,  20.10
ME_IB_1, 41.7369444, -87.6002778, 22,  20.60
ME_IB_1, 41.7441667, -87.5986111, 23,  21.10
ME_IB_1, 41.7508333, -87.5972222, 24,  21.50
ME_IB_1, 41.7588889, -87.5952778, 25,  22.20
ME_IB_1, 41.7686111, -87.5941667, 26,  23.20
ME_IB_1, 41.7802778, -87.5905556, 27,  23.60
ME_IB_1, 41.7880556, -87.5886111, 28,  24.10
ME_IB_1, 41.7933333, -87.5875000, 29,  24.50
ME_IB_1, 41.8000000, -87.5869444, 30,  25.00
ME_IB_1, 41.8097222, -87.5913889, 31,  25.60
ME_IB_1, 41.8441667, -87.6133333, 32,  28.30
ME_IB_1, 41.8513889, -87.6163889, 33,  28.80
ME_IB_1, 41.8583333, -87.6180556, 34,  29.30
ME_IB_1, 41.8686111, -87.6213889, 35,  30.13
ME_IB_1, 41.8769444, -87.6230556, 36,  30.73
ME_IB_1, 41.8841667, -87.6230556, 37,  31.53
ME_IB_2, 41.6561111, -87.6758333, 1,   0.00
ME_IB_2, 41.6622222, -87.6688889, 2,   0.50
ME_IB_2, 41.6694444, -87.6605556, 3,   1.00
ME_IB_2, 41.6741667, -87.6519444, 4,   1.90
ME_IB_2, 41.6741667, -87.6422222, 5,   2.20
ME_IB_2, 41.6744444, -87.6316667, 6,   2.80
ME_IB_2, 41.6744444, -87.6219444, 7,   3.30
ME_IB_2, 41.6777778, -87.6125000, 8,   4.30
ME_IB_2, 41.6858333, -87.6122222, 9,   4.40
ME_IB_2, 41.6927778, -87.6105556, 10,   4.90
ME_IB_2, 41.6997222, -87.6088889, 11,   5.40
ME_IB_2, 41.7069444, -87.6072222, 12,   5.80
ME_IB_2, 41.7219444, -87.6038889, 13,   6.90
ME_IB_2, 41.7294444, -87.6019444, 14,   7.50
ME_IB_2, 41.7369444, -87.6002778, 15,   8.00
ME_IB_2, 41.7441667, -87.5986111, 16,   8.50
ME_IB_2, 41.7508333, -87.5972222, 17,   8.90
ME_IB_2, 41.7588889, -87.5952778, 18,   9.60
ME_IB_2, 41.7686111, -87.5941667, 19,  10.60
ME_IB_2, 41.7802778, -87.5905556, 20,  11.00
ME_IB_2, 41.7880556, -87.5886111, 21,  11.50
ME_IB_2, 41.7933333, -87.5875000, 22,  11.90
ME_IB_2, 41.8000000, -87.5869444, 23,  12.40
ME_IB_2, 41.8097222, -87.5913889, 24,  13.00
ME_IB_2, 41.8441667, -87.6133333, 25,  15.70
ME_IB_2, 41.8513889, -87.6163889, 26,  16.20
ME_IB_2, 41.8583333, -87.6180556, 27,  16.70
ME_IB_2, 41.8686111, -87.6213889, 28,  17.53
ME_IB_2, 41.8769444, -87.6230556, 29,  18.13
ME_IB_2, 41.8841667, -87.6230556, 30,  18.93
ME_IB_3, 41.7266667, -87.5477778, 1,   0.00
ME_IB_3, 41.7377778, -87.5483333, 2,   0.70
ME_IB_3, 41.7450000, -87.5516667, 3,   1.20
ME_IB_3, 41.7522222, -87.5525000, 4,   1.70
ME_IB_3, 41.7586111, -87.5594444, 5,   2.30
ME_IB_3, 41.7652778, -87.5658333, 6,   2.90
ME_IB_3, 41.7661111, -87.5766667, 7,   3.50
ME_IB_3, 41.7661111, -87.5869444, 8,   4.10
ME_IB_3, 41.7686111, -87.5941667, 9,   4.90
ME_IB_3, 41.7802778, -87.5905556, 10,   5.30
ME_IB_3, 41.7880556, -87.5886111, 11,   5.80
ME_IB_3, 41.7933333, -87.5875000, 12,   6.20
ME_IB_3, 41.8000000, -87.5869444, 13,   6.70
ME_IB_3, 41.8097222, -87.5913889, 14,   7.30
ME_IB_3, 41.8441667, -87.6133333, 15,  10.00
ME_IB_3, 41.8513889, -87.6163889, 16,  10.50
ME_IB_3, 41.8583333, -87.6180556, 17,  11.00
ME_IB_3, 41.8686111, -87.6213889, 18,  11.83
ME_IB_3, 41.8769444, -87.6230556, 19,  12.43
ME_IB_3, 41.8841667, -87.6230556, 20,  13.23
ME_OB_1, 41.8841667, -87.6230556, 1,   0.00
ME_OB_1, 41.8769444, -87.6230556, 2,   0.80
ME_OB_1, 41.8686111, -87.6213889, 3,   1.40
ME_OB_1, 41.8583333, -87.6180556, 4,   2.23
ME_OB_1, 41.8513889, -87.6163889, 5,   2.73
ME_OB_1, 41.8441667, -87.6133333, 6,   3.23
ME_OB_1, 41.8097222, -87.5913889, 7,   5.93
ME_OB_1, 41.8000000, -87.5869444, 8,   6.53
ME_OB_1, 41.7933333, -87.5875000, 9,   7.03
ME_OB_1, 41.7880556, -87.5886111, 10,   7.43
ME_OB_1, 41.7802778, -87.5905556, 11,   7.93
ME_OB_1, 41.7686111, -87.5941667, 12,   8.33
ME_OB_1, 41.7588889, -87.5952778, 13,   9.33
ME_OB_1, 41.7508333, -87.5972222, 14,  10.03
ME_OB_1, 41.7441667, -87.5986111, 15,  10.43
ME_OB_1, 41.7369444, -87.6002778, 16,  10.93
ME_OB_1, 41.7294444, -87.6019444, 17,  11.43
ME_OB_1, 41.7219444, -87.6038889, 18,  12.03
ME_OB_1, 41.7069444, -87.6072222, 19,  13.13
ME_OB_1, 41.6997222, -87.6088889, 20,  13.53
ME_OB_1, 41.6927778, -87.6105556, 21,  14.03
ME_OB_1, 41.6858333, -87.6122222, 22,  14.53
ME_OB_1, 41.6777778, -87.6125000, 23,  14.63
ME_OB_1, 41.6766667, -87.6127778, 24,  14.73
ME_OB_1, 41.6466667, -87.6233333, 25,  17.33
ME_OB_1, 41.6333333, -87.6302778, 26,  18.23
ME_OB_1, 41.6227778, -87.6361111, 27,  19.03
ME_OB_1, 41.6083333, -87.6438889, 28,  20.03
ME_OB_1, 41.5808333, -87.6586111, 29,  22.33
ME_OB_1, 41.5736111, -87.6625000, 30,  22.83
ME_OB_1, 41.5622222, -87.6686111, 31,  23.53
ME_OB_1, 41.5430556, -87.6786111, 32,  24.93
ME_OB_1, 41.5213889, -87.6900000, 33,  26.63
ME_OB_1, 41.5061111, -87.6983333, 34,  27.63
ME_OB_1, 41.4986111, -87.7022222, 35,  28.23
ME_OB_1, 41.4855556, -87.7094444, 36,  29.33
ME_OB_1, 41.4594444, -87.7233333, 37,  31.53
ME_OB_2, 41.8841667, -87.6230556, 1,   0.00
ME_OB_2, 41.8769444, -87.6230556, 2,   0.80
ME_OB_2, 41.8686111, -87.6213889, 3,   1.40
ME_OB_2, 41.8583333, -87.6180556, 4,   2.23
ME_OB_2, 41.8513889, -87.6163889, 5,   2.73
ME_OB_2, 41.8441667, -87.6133333, 6,   3.23
ME_OB_2, 41.8097222, -87.5913889, 7,   5.93
ME_OB_2, 41.8000000, -87.5869444, 8,   6.53
ME_OB_2, 41.7933333, -87.5875000, 9,   7.03
ME_OB_2, 41.7880556, -87.5886111, 10,   7.43
ME_OB_2, 41.7802778, -87.5905556, 11,   7.93
ME_OB_2, 41.7686111, -87.5941667, 12,   8.33
ME_OB_2, 41.7588889, -87.5952778, 13,   9.33
ME_OB_2, 41.7508333, -87.5972222, 14,  10.03
ME_OB_2, 41.7441667, -87.5986111, 15,  10.43
ME_OB_2, 41.7369444, -87.6002778, 16,  10.93
ME_OB_2, 41.7294444, -87.6019444, 17,  11.43
ME_OB_2, 41.7219444, -87.6038889, 18,  12.03
ME_OB_2, 41.7069444, -87.6072222, 19,  13.13
ME_OB_2, 41.6997222, -87.6088889, 20,  13.53
ME_OB_2, 41.6927778, -87.6105556, 21,  14.03
ME_OB_2, 41.6858333, -87.6122222, 22,  14.53
ME_OB_2, 41.6777778, -87.6125000, 23,  14.63
ME_OB_2, 41.6744444, -87.6219444, 24,  15.63
ME_OB_2, 41.6744444, -87.6316667, 25,  16.13
ME_OB_2, 41.6741667, -87.6422222, 26,  16.73
ME_OB_2, 41.6741667, -87.6519444, 27,  17.03
ME_OB_2, 41.6694444, -87.6605556, 28,  17.93
ME_OB_2, 41.6622222, -87.6688889, 29,  18.43
ME_OB_2, 41.6561111, -87.6758333, 30,  18.93
ME_OB_3, 41.8841667, -87.6230556, 1,   0.00
ME_OB_3, 41.8769444, -87.6230556, 2,   0.80
ME_OB_3, 41.8686111, -87.6213889, 3,   1.40
ME_OB_3, 41.8583333, -87.6180556, 4,   2.23
ME_OB_3, 41.8513889, -87.6163889, 5,   2.73
ME_OB_3, 41.8441667, -87.6133333, 6,   3.23
ME_OB_3, 41.8097222, -87.5913889, 7,   5.93
ME_OB_3, 41.8000000, -87.5869444, 8,   6.53
ME_OB_3, 41.7933333, -87.5875000, 9,   7.03
ME_OB_3, 41.7880556, -87.5886111, 10,   7.43
ME_OB_3, 41.7802778, -87.5905556, 11,   7.93
ME_OB_3, 41.7686111, -87.5941667, 12,   8.33
ME_OB_3, 41.7661111, -87.5869444, 13,   9.13
ME_OB_3, 41.7661111, -87.5766667, 14,   9.73
ME_OB_3, 41.7652778, -87.5658333, 15,  10.33
ME_OB_3, 41.7586111, -87.5594444, 16,  10.93
ME_OB_3, 41.7522222, -87.5525000, 17,  11.53
ME_OB_3, 41.7450000, -87.5516667, 18,  12.03
ME_OB_3, 41.7377778, -87.5483333, 19,  12.53
ME_OB_3, 41.7266667, -87.5477778, 20,  13.23
NCS_IB_1, 42.5113889, -88.0930556, 1,   0.00
NCS_IB_1, 42.4811111, -88.0925000, 2,   0.80
NCS_IB_1, 42.4283333, -88.0830556, 3,   5.40
NCS_IB_1, 42.4175000, -88.0794444, 4,   5.50
NCS_IB_1, 42.3850000, -88.0655556, 5,   7.70
NCS_IB_1, 42.3591667, -88.0505556, 6,   9.70
NCS_IB_1, 42.3233333, -88.0191667, 7,  12.20
NCS_IB_1, 42.3230556, -88.0188889, 8,  12.40
NCS_IB_1, 42.3180556, -88.0172222, 9,  12.80
NCS_IB_1, 42.2913889, -88.0077778, 10,  15.70
NCS_IB_1, 42.2669444, -87.9980556, 11,  16.60
NCS_IB_1, 42.2463889, -87.9847222, 12,  18.30
NCS_IB_1, 42.2155556, -87.9644444, 13,  20.50
NCS_IB_1, 42.1980556, -87.9558333, 14,  21.80
NCS_IB_1, 42.1686111, -87.9413889, 15,  24.00
NCS_IB_1, 42.1363889, -87.9272222, 16,  26.30
NCS_IB_1, 42.0922222, -87.9080556, 17,  29.60
NCS_IB_1, 42.0475000, -87.8997222, 18,  32.80
NCS_IB_1, 42.0466667, -87.8977778, 19,  32.90
NCS_IB_1, 41.9950000, -87.8805556, 20,  36.40
NCS_IB_1, 41.9761111, -87.8738889, 21,  37.60
NCS_IB_1, 41.9627778, -87.8705556, 22,  38.80
NCS_IB_1, 41.9377778, -87.8600000, 23,  40.40
NCS_IB_1, 41.9341667, -87.8536111, 24,  43.50
NCS_IB_1, 41.9311111, -87.8361111, 25,  44.80
NCS_IB_1, 41.9247222, -87.8147222, 26,  46.00
NCS_IB_1, 41.9216667, -87.8016667, 27,  46.70
NCS_IB_1, 41.9191667, -87.7944444, 28,  47.10
NCS_IB_1, 41.9163889, -87.7858333, 29,  47.60
NCS_IB_1, 41.9166667, -87.7669444, 30,  48.50
NCS_IB_1, 41.9144444, -87.7461111, 31,  49.60
NCS_IB_1, 41.9111111, -87.7133333, 32,  50.80
NCS_IB_1, 41.8891667, -87.6880556, 33,  53.30
NCS_IB_1, 41.8869444, -87.6836111, 34,  53.40
NCS_IB_1, 41.8866667, -87.6822222, 35,  53.50
NCS_IB_1, 41.8788889, -87.6388889, 36,  56.20
NCS_IB_2, 42.4811111, -88.0925000, 1,   0.00
NCS_IB_2, 42.4283333, -88.0830556, 2,   4.60
NCS_IB_2, 42.4175000, -88.0794444, 3,   4.70
NCS_IB_2, 42.3850000, -88.0655556, 4,   6.90
NCS_IB_2, 42.3591667, -88.0505556, 5,   8.90
NCS_IB_2, 42.3233333, -88.0191667, 6,  11.40
NCS_IB_2, 42.3230556, -88.0188889, 7,  11.60
NCS_IB_2, 41.9111111, -87.7133333, 8,  46.20
NCS_IB_2, 41.8891667, -87.6880556, 9,  48.70
NCS_IB_2, 41.8869444, -87.6836111, 10,  48.80
NCS_IB_2, 41.8866667, -87.6822222, 11,  48.90
NCS_IB_2, 41.8788889, -87.6388889, 12,  51.60
NCS_OB_1, 41.8788889, -87.6388889, 1,   0.00
NCS_OB_1, 41.8866667, -87.6822222, 2,   2.70
NCS_OB_1, 41.8869444, -87.6836111, 3,   2.80
NCS_OB_1, 41.8891667, -87.6880556, 4,   2.90
NCS_OB_1, 41.9111111, -87.7133333, 5,   5.40
NCS_OB_1, 41.9144444, -87.7461111, 6,   6.60
NCS_OB_1, 41.9166667, -87.7669444, 7,   7.70
NCS_OB_1, 41.9163889, -87.7858333, 8,   8.60
NCS_OB_1, 41.9191667, -87.7944444, 9,   9.10
NCS_OB_1, 41.9216667, -87.8016667, 10,   9.50
NCS_OB_1, 41.9247222, -87.8147222, 11,  10.20
NCS_OB_1, 41.9311111, -87.8361111, 12,  11.40
NCS_OB_1, 41.9341667, -87.8536111, 13,  12.70
NCS_OB_1, 41.9377778, -87.8600000, 14,  15.80
NCS_OB_1, 41.9627778, -87.8705556, 15,  17.40
NCS_OB_1, 41.9761111, -87.8738889, 16,  18.60
NCS_OB_1, 41.9950000, -87.8805556, 17,  19.80
NCS_OB_1, 42.0466667, -87.8977778, 18,  23.30
NCS_OB_1, 42.0475000, -87.8997222, 19,  23.40
NCS_OB_1, 42.0922222, -87.9080556, 20,  26.60
NCS_OB_1, 42.1363889, -87.9272222, 21,  29.90
NCS_OB_1, 42.1686111, -87.9413889, 22,  32.20
NCS_OB_1, 42.1980556, -87.9558333, 23,  34.40
NCS_OB_1, 42.2155556, -87.9644444, 24,  35.70
NCS_OB_1, 42.2463889, -87.9847222, 25,  37.90
NCS_OB_1, 42.2669444, -87.9980556, 26,  39.60
NCS_OB_1, 42.2913889, -88.0077778, 27,  40.50
NCS_OB_1, 42.3180556, -88.0172222, 28,  43.40
NCS_OB_1, 42.3230556, -88.0188889, 29,  43.80
NCS_OB_1, 42.3233333, -88.0191667, 30,  44.00
NCS_OB_1, 42.3591667, -88.0505556, 31,  46.50
NCS_OB_1, 42.3850000, -88.0655556, 32,  48.50
NCS_OB_1, 42.4175000, -88.0794444, 33,  50.70
NCS_OB_1, 42.4283333, -88.0830556, 34,  50.80
NCS_OB_1, 42.4811111, -88.0925000, 35,  55.40
NCS_OB_1, 42.5113889, -88.0930556, 36,  56.20
RI_IB_1, 41.5244444, -88.0797222, 1,   0.00
RI_IB_1, 41.5208333, -88.0200000, 2,   1.30
RI_IB_1, 41.5144444, -87.9652778, 3,   6.20
RI_IB_1, 41.5308333, -87.8866667, 4,  10.60
RI_IB_1, 41.5486111, -87.8455556, 5,  12.70
RI_IB_1, 41.5644444, -87.8094444, 6,  15.10
RI_IB_1, 41.5758333, -87.7827778, 7,  16.70
RI_IB_1, 41.6044444, -87.7383333, 8,  19.80
RI_IB_1, 41.6263889, -87.7116667, 9,  21.80
RI_IB_1, 41.6408333, -87.6944444, 10,  23.00
RI_IB_1, 41.6544444, -87.6780556, 11,  24.30
RI_IB_1, 41.6547222, -87.6777778, 12,  24.50
RI_IB_1, 41.6625000, -87.6750000, 13,  25.00
RI_IB_1, 41.6700000, -87.6736111, 14,  25.60
RI_IB_1, 41.6763889, -87.6725000, 15,  26.00
RI_IB_1, 41.6850000, -87.6716667, 16,  26.60
RI_IB_1, 41.6927778, -87.6705556, 17,  27.20
RI_IB_1, 41.6988889, -87.6700000, 18,  27.60
RI_IB_1, 41.7061111, -87.6688889, 19,  28.10
RI_IB_1, 41.7136111, -87.6675000, 20,  28.60
RI_IB_1, 41.7213889, -87.6672222, 21,  29.20
RI_IB_1, 41.7280556, -87.6672222, 22,  29.60
RI_IB_1, 41.7322222, -87.6588889, 23,  30.30
RI_IB_1, 41.7313889, -87.6466667, 24,  31.00
RI_IB_1, 41.7363889, -87.6447222, 25,  31.10
RI_IB_1, 41.7841667, -87.6336111, 26,  34.20
RI_IB_1, 41.8163889, -87.6313889, 27,  35.80
RI_IB_1, 41.8313889, -87.6291667, 28,  37.80
RI_IB_1, 41.8580556, -87.6266667, 29,  39.80
RI_IB_1, 41.8763889, -87.6322222, 30,  40.90
RI_IB_2, 41.5244444, -88.0797222, 1,   0.00
RI_IB_2, 41.5208333, -88.0200000, 2,   1.30
RI_IB_2, 41.5144444, -87.9652778, 3,   6.20
RI_IB_2, 41.5308333, -87.8866667, 4,  10.60
RI_IB_2, 41.5486111, -87.8455556, 5,  12.70
RI_IB_2, 41.5644444, -87.8094444, 6,  15.10
RI_IB_2, 41.5758333, -87.7827778, 7,  16.70
RI_IB_2, 41.6044444, -87.7383333, 8,  19.80
RI_IB_2, 41.6263889, -87.7116667, 9,  21.80
RI_IB_2, 41.6408333, -87.6944444, 10,  23.00
RI_IB_2, 41.6544444, -87.6780556, 11,  24.30
RI_IB_2, 41.6547222, -87.6777778, 12,  24.50
RI_IB_2, 41.7055556, -87.6558333, 13,  28.20
RI_IB_2, 41.7211111, -87.6502778, 14,  29.30
RI_IB_2, 41.7313889, -87.6466667, 15,  30.30
RI_IB_2, 41.7363889, -87.6447222, 16,  30.40
RI_IB_2, 41.7841667, -87.6336111, 17,  33.50
RI_IB_2, 41.8163889, -87.6313889, 18,  35.10
RI_IB_2, 41.8313889, -87.6291667, 19,  37.10
RI_IB_2, 41.8580556, -87.6266667, 20,  39.10
RI_IB_2, 41.8763889, -87.6322222, 21,  40.20
RI_OB_1, 41.8763889, -87.6322222, 1,   0.00
RI_OB_1, 41.8580556, -87.6266667, 2,   1.10
RI_OB_1, 41.8313889, -87.6291667, 3,   3.10
RI_OB_1, 41.8163889, -87.6313889, 4,   5.10
RI_OB_1, 41.7841667, -87.6336111, 5,   6.70
RI_OB_1, 41.7363889, -87.6447222, 6,   9.80
RI_OB_1, 41.7313889, -87.6466667, 7,   9.90
RI_OB_1, 41.7322222, -87.6588889, 8,  10.60
RI_OB_1, 41.7280556, -87.6672222, 9,  11.30
RI_OB_1, 41.7213889, -87.6672222, 10,  11.70
RI_OB_1, 41.7136111, -87.6675000, 11,  12.30
RI_OB_1, 41.7061111, -87.6688889, 12,  12.80
RI_OB_1, 41.6988889, -87.6700000, 13,  13.30
RI_OB_1, 41.6927778, -87.6705556, 14,  13.70
RI_OB_1, 41.6850000, -87.6716667, 15,  14.30
RI_OB_1, 41.6763889, -87.6725000, 16,  14.90
RI_OB_1, 41.6700000, -87.6736111, 17,  15.30
RI_OB_1, 41.6625000, -87.6750000, 18,  15.90
RI_OB_1, 41.6547222, -87.6777778, 19,  16.40
RI_OB_1, 41.6544444, -87.6780556, 20,  16.60
RI_OB_1, 41.6408333, -87.6944444, 21,  17.90
RI_OB_1, 41.6263889, -87.7116667, 22,  19.10
RI_OB_1, 41.6044444, -87.7383333, 23,  21.10
RI_OB_1, 41.5758333, -87.7827778, 24,  24.20
RI_OB_1, 41.5644444, -87.8094444, 25,  25.80
RI_OB_1, 41.5486111, -87.8455556, 26,  28.20
RI_OB_1, 41.5308333, -87.8866667, 27,  30.30
RI_OB_1, 41.5144444, -87.9652778, 28,  34.70
RI_OB_1, 41.5208333, -88.0200000, 29,  39.60
RI_OB_1, 41.5244444, -88.0797222, 30,  40.90
RI_OB_2, 41.8763889, -87.6322222, 1,   0.00
RI_OB_2, 41.8580556, -87.6266667, 2,   1.10
RI_OB_2, 41.8313889, -87.6291667, 3,   3.10
RI_OB_2, 41.8163889, -87.6313889, 4,   5.10
RI_OB_2, 41.7841667, -87.6336111, 5,   6.70
RI_OB_2, 41.7363889, -87.6447222, 6,   9.80
RI_OB_2, 41.7313889, -87.6466667, 7,   9.90
RI_OB_2, 41.7211111, -87.6502778, 8,  10.90
RI_OB_2, 41.7055556, -87.6558333, 9,  12.00
RI_OB_2, 41.6547222, -87.6777778, 10,  15.70
RI_OB_2, 41.6544444, -87.6780556, 11,  15.90
RI_OB_2, 41.6408333, -87.6944444, 12,  17.20
RI_OB_2, 41.6263889, -87.7116667, 13,  18.40
RI_OB_2, 41.6044444, -87.7383333, 14,  20.40
RI_OB_2, 41.5758333, -87.7827778, 15,  23.50
RI_OB_2, 41.5644444, -87.8094444, 16,  25.10
RI_OB_2, 41.5486111, -87.8455556, 17,  27.50
RI_OB_2, 41.5308333, -87.8866667, 18,  29.60
RI_OB_2, 41.5144444, -87.9652778, 19,  34.00
RI_OB_2, 41.5208333, -88.0200000, 20,  38.90
RI_OB_2, 41.5244444, -88.0797222, 21,  40.20
SWS_IB_1, 41.4183333, -87.9891667, 1,   0.00
SWS_IB_1, 41.4847222, -87.9597222, 2,   4.90
SWS_IB_1, 41.5638889, -87.9025000, 3,  11.60
SWS_IB_1, 41.6094444, -87.8733333, 4,  15.00
SWS_IB_1, 41.6305556, -87.8591667, 5,  17.10
SWS_IB_1, 41.6688889, -87.8202778, 6,  20.40
SWS_IB_1, 41.6819444, -87.8069444, 7,  21.70
SWS_IB_1, 41.6913889, -87.7958333, 8,  22.50
SWS_IB_1, 41.7033333, -87.7802778, 9,  23.70
SWS_IB_1, 41.7194444, -87.7486111, 10,  25.60
SWS_IB_1, 41.7416667, -87.7125000, 11,  28.10
SWS_IB_1, 41.7488889, -87.7036111, 12,  29.00
SWS_IB_1, 41.7611111, -87.6850000, 13,  30.30
SWS_IB_1, 41.7705556, -87.6727778, 14,  30.60
SWS_IB_1, 41.7908333, -87.6661111, 15,  32.60
SWS_IB_1, 41.8094444, -87.6600000, 16,  36.30
SWS_IB_1, 41.8297222, -87.6538889, 17,  38.60
SWS_IB_1, 41.8788889, -87.6388889, 18,  40.30
SWS_OB_1, 41.8788889, -87.6388889, 1,   0.00
SWS_OB_1, 41.8297222, -87.6538889, 2,   1.70
SWS_OB_1, 41.8094444, -87.6600000, 3,   4.00
SWS_OB_1, 41.7908333, -87.6661111, 4,   7.70
SWS_OB_1, 41.7705556, -87.6727778, 5,   9.70
SWS_OB_1, 41.7611111, -87.6850000, 6,  10.00
SWS_OB_1, 41.7488889, -87.7036111, 7,  11.30
SWS_OB_1, 41.7416667, -87.7125000, 8,  12.20
SWS_OB_1, 41.7194444, -87.7486111, 9,  14.70
SWS_OB_1, 41.7033333, -87.7802778, 10,  16.60
SWS_OB_1, 41.6913889, -87.7958333, 11,  17.80
SWS_OB_1, 41.6819444, -87.8069444, 12,  18.60
SWS_OB_1, 41.6688889, -87.8202778, 13,  19.90
SWS_OB_1, 41.6305556, -87.8591667, 14,  23.20
SWS_OB_1, 41.6094444, -87.8733333, 15,  25.30
SWS_OB_1, 41.5638889, -87.9025000, 16,  28.70
SWS_OB_1, 41.4847222, -87.9597222, 17,  35.40
SWS_OB_1, 41.4183333, -87.9891667, 18,  40.30
UP-N_IB_1, 42.5858333, -87.8258333, 1,   0.00
UP-N_IB_1, 42.4827778, -87.8161111, 2,   7.10
UP-N_IB_1, 42.4491667, -87.8180556, 3,   9.50
UP-N_IB_1, 42.3605556, -87.8283333, 4,  15.70
UP-N_IB_1, 42.3286111, -87.8369444, 5,  17.90
UP-N_IB_1, 42.3069444, -87.8463889, 6,  19.40
UP-N_IB_1, 42.2797222, -87.8466667, 7,  21.40
UP-N_IB_1, 42.2525000, -87.8397222, 8,  23.30
UP-N_IB_1, 42.2175000, -87.8208333, 9,  25.90
UP-N_IB_1, 42.2033333, -87.8105556, 10,  27.10
UP-N_IB_1, 42.1833333, -87.7975000, 11,  28.60
UP-N_IB_1, 42.1650000, -87.7827778, 12,  30.10
UP-N_IB_1, 42.1580556, -87.7769444, 13,  30.70
UP-N_IB_1, 42.1527778, -87.7725000, 14,  31.10
UP-N_IB_1, 42.1355556, -87.7580556, 15,  32.40
UP-N_IB_1, 42.1180556, -87.7436111, 16,  33.90
UP-N_IB_1, 42.1122222, -87.7386111, 17,  34.60
UP-N_IB_1, 42.1052778, -87.7327778, 18,  35.00
UP-N_IB_1, 42.0944444, -87.7238889, 19,  35.80
UP-N_IB_1, 42.0863889, -87.7166667, 20,  36.40
UP-N_IB_1, 42.0772222, -87.7091667, 21,  37.20
UP-N_IB_1, 42.0641667, -87.6980556, 22,  38.30
UP-N_IB_1, 42.0480556, -87.6847222, 23,  39.60
UP-N_IB_1, 42.0333333, -87.6800000, 24,  40.60
UP-N_IB_1, 42.0186111, -87.6777778, 25,  41.00
UP-N_IB_1, 42.0094444, -87.6755556, 26,  42.20
UP-N_IB_1, 41.9683333, -87.6744444, 27,  45.10
UP-N_IB_1, 41.9169444, -87.6680556, 28,  48.80
UP-N_IB_1, 41.8822222, -87.6405556, 29,  51.60
UP-N_OB_1, 41.8822222, -87.6405556, 1,   0.00
UP-N_OB_1, 41.9169444, -87.6680556, 2,   2.80
UP-N_OB_1, 41.9683333, -87.6744444, 3,   6.50
UP-N_OB_1, 42.0094444, -87.6755556, 4,   9.40
UP-N_OB_1, 42.0186111, -87.6777778, 5,  10.60
UP-N_OB_1, 42.0333333, -87.6800000, 6,  11.00
UP-N_OB_1, 42.0480556, -87.6847222, 7,  12.00
UP-N_OB_1, 42.0641667, -87.6980556, 8,  13.30
UP-N_OB_1, 42.0772222, -87.7091667, 9,  14.40
UP-N_OB_1, 42.0863889, -87.7166667, 10,  15.20
UP-N_OB_1, 42.0944444, -87.7238889, 11,  15.80
UP-N_OB_1, 42.1052778, -87.7327778, 12,  16.60
UP-N_OB_1, 42.1122222, -87.7386111, 13,  17.00
UP-N_OB_1, 42.1180556, -87.7436111, 14,  17.70
UP-N_OB_1, 42.1355556, -87.7580556, 15,  19.20
UP-N_OB_1, 42.1527778, -87.7725000, 16,  20.50
UP-N_OB_1, 42.1580556, -87.7769444, 17,  20.90
UP-N_OB_1, 42.1650000, -87.7827778, 18,  21.50
UP-N_OB_1, 42.1833333, -87.7975000, 19,  23.00
UP-N_OB_1, 42.2033333, -87.8105556, 20,  24.50
UP-N_OB_1, 42.2175000, -87.8208333, 21,  25.70
UP-N_OB_1, 42.2525000, -87.8397222, 22,  28.30
UP-N_OB_1, 42.2797222, -87.8466667, 23,  30.20
UP-N_OB_1, 42.3069444, -87.8463889, 24,  32.20
UP-N_OB_1, 42.3286111, -87.8369444, 25,  33.70
UP-N_OB_1, 42.3605556, -87.8283333, 26,  35.90
UP-N_OB_1, 42.4491667, -87.8180556, 27,  42.10
UP-N_OB_1, 42.4827778, -87.8161111, 28,  44.50
UP-N_OB_1, 42.5858333, -87.8258333, 29,  51.60
UP-NW_IB_1, 42.4197222, -88.6175000, 1,   0.00
UP-NW_IB_1, 42.3169444, -88.4475000, 2,  11.50
UP-NW_IB_1, 42.2441667, -88.3172222, 3,  19.90
UP-NW_IB_1, 42.2397222, -88.3052778, 4,  20.30
UP-NW_IB_1, 42.2341667, -88.2980556, 5,  21.00
UP-NW_IB_1, 42.2088889, -88.2413889, 6,  24.50
UP-NW_IB_1, 42.1977778, -88.2194444, 7,  25.80
UP-NW_IB_1, 42.1527778, -88.1319444, 8,  31.30
UP-NW_IB_1, 42.1130556, -88.0483333, 9,  36.40
UP-NW_IB_1, 42.0952778, -88.0091667, 10,  38.60
UP-NW_IB_1, 42.0841667, -87.9836111, 11,  40.30
UP-NW_IB_1, 42.0630556, -87.9361111, 12,  43.20
UP-NW_IB_1, 42.0583333, -87.9238889, 13,  44.30
UP-NW_IB_1, 42.0525000, -87.9122222, 14,  44.60
UP-NW_IB_1, 42.0475000, -87.8997222, 15,  45.50
UP-NW_IB_1, 42.0466667, -87.8977778, 16,  45.60
UP-NW_IB_1, 42.0408333, -87.8866667, 17,  46.10
UP-NW_IB_1, 42.0241667, -87.8561111, 18,  48.20
UP-NW_IB_1, 42.0102778, -87.8316667, 19,  49.70
UP-NW_IB_1, 42.0022222, -87.8175000, 20,  50.50
UP-NW_IB_1, 41.9916667, -87.7988889, 21,  51.70
UP-NW_IB_1, 41.9797222, -87.7780556, 22,  53.10
UP-NW_IB_1, 41.9713889, -87.7633333, 23,  54.10
UP-NW_IB_1, 41.9647222, -87.7494444, 24,  55.20
UP-NW_IB_1, 41.9636111, -87.7483333, 25,  55.60
UP-NW_IB_1, 41.9525000, -87.7297222, 26,  56.10
UP-NW_IB_1, 41.9169444, -87.6680556, 27,  60.00
UP-NW_IB_1, 41.8822222, -87.6405556, 28,  62.80
UP-NW_IB_2, 42.3433333, -88.2761111, 1,   0.00
UP-NW_IB_2, 42.3233333, -88.2941667, 2,   4.50
UP-NW_IB_2, 42.2397222, -88.3052778, 3,   7.60
UP-NW_IB_2, 42.2341667, -88.2980556, 4,   8.30
UP-NW_IB_2, 42.2088889, -88.2413889, 5,  11.80
UP-NW_IB_2, 42.1977778, -88.2194444, 6,  13.10
UP-NW_IB_2, 42.1527778, -88.1319444, 7,  18.60
UP-NW_IB_2, 42.1130556, -88.0483333, 8,  23.70
UP-NW_IB_2, 42.0952778, -88.0091667, 9,  25.90
UP-NW_IB_2, 42.0841667, -87.9836111, 10,  27.60
UP-NW_IB_2, 42.0630556, -87.9361111, 11,  30.50
UP-NW_IB_2, 42.0583333, -87.9238889, 12,  31.60
UP-NW_IB_2, 42.0525000, -87.9122222, 13,  31.90
UP-NW_IB_2, 42.0475000, -87.8997222, 14,  32.80
UP-NW_IB_2, 42.0466667, -87.8977778, 15,  32.90
UP-NW_IB_2, 42.0408333, -87.8866667, 16,  33.40
UP-NW_IB_2, 42.0241667, -87.8561111, 17,  35.50
UP-NW_IB_2, 42.0102778, -87.8316667, 18,  37.00
UP-NW_IB_2, 42.0022222, -87.8175000, 19,  37.80
UP-NW_IB_2, 41.9916667, -87.7988889, 20,  39.00
UP-NW_IB_2, 41.9797222, -87.7780556, 21,  40.40
UP-NW_IB_2, 41.9713889, -87.7633333, 22,  41.40
UP-NW_IB_2, 41.9647222, -87.7494444, 23,  42.50
UP-NW_IB_2, 41.9636111, -87.7483333, 24,  42.90
UP-NW_IB_2, 41.9525000, -87.7297222, 25,  43.40
UP-NW_IB_2, 41.9169444, -87.6680556, 26,  47.30
UP-NW_IB_2, 41.8822222, -87.6405556, 27,  50.10
UP-NW_OB_1, 41.8822222, -87.6405556, 1,   0.00
UP-NW_OB_1, 41.9169444, -87.6680556, 2,   2.80
UP-NW_OB_1, 41.9525000, -87.7297222, 3,   6.70
UP-NW_OB_1, 41.9636111, -87.7483333, 4,   7.20
UP-NW_OB_1, 41.9647222, -87.7494444, 5,   7.60
UP-NW_OB_1, 41.9713889, -87.7633333, 6,   8.70
UP-NW_OB_1, 41.9797222, -87.7780556, 7,   9.70
UP-NW_OB_1, 41.9916667, -87.7988889, 8,  11.10
UP-NW_OB_1, 42.0022222, -87.8175000, 9,  12.30
UP-NW_OB_1, 42.0102778, -87.8316667, 10,  13.10
UP-NW_OB_1, 42.0241667, -87.8561111, 11,  14.60
UP-NW_OB_1, 42.0408333, -87.8866667, 12,  16.70
UP-NW_OB_1, 42.0466667, -87.8977778, 13,  17.20
UP-NW_OB_1, 42.0475000, -87.8997222, 14,  17.30
UP-NW_OB_1, 42.0525000, -87.9122222, 15,  18.20
UP-NW_OB_1, 42.0583333, -87.9238889, 16,  18.50
UP-NW_OB_1, 42.0630556, -87.9361111, 17,  19.60
UP-NW_OB_1, 42.0841667, -87.9836111, 18,  22.50
UP-NW_OB_1, 42.0952778, -88.0091667, 19,  24.20
UP-NW_OB_1, 42.1130556, -88.0483333, 20,  26.40
UP-NW_OB_1, 42.1527778, -88.1319444, 21,  31.50
UP-NW_OB_1, 42.1977778, -88.2194444, 22,  37.00
UP-NW_OB_1, 42.2088889, -88.2413889, 23,  38.30
UP-NW_OB_1, 42.2341667, -88.2980556, 24,  41.80
UP-NW_OB_1, 42.2397222, -88.3052778, 25,  42.50
UP-NW_OB_1, 42.2441667, -88.3172222, 26,  42.90
UP-NW_OB_1, 42.3169444, -88.4475000, 27,  51.30
UP-NW_OB_1, 42.4197222, -88.6175000, 28,  62.80
UP-NW_OB_2, 41.8822222, -87.6405556, 1,   0.00
UP-NW_OB_2, 41.9169444, -87.6680556, 2,   2.80
UP-NW_OB_2, 41.9525000, -87.7297222, 3,   6.70
UP-NW_OB_2, 41.9636111, -87.7483333, 4,   7.20
UP-NW_OB_2, 41.9647222, -87.7494444, 5,   7.60
UP-NW_OB_2, 41.9713889, -87.7633333, 6,   8.70
UP-NW_OB_2, 41.9797222, -87.7780556, 7,   9.70
UP-NW_OB_2, 41.9916667, -87.7988889, 8,  11.10
UP-NW_OB_2, 42.0022222, -87.8175000, 9,  12.30
UP-NW_OB_2, 42.0102778, -87.8316667, 10,  13.10
UP-NW_OB_2, 42.0241667, -87.8561111, 11,  14.60
UP-NW_OB_2, 42.0408333, -87.8866667, 12,  16.70
UP-NW_OB_2, 42.0466667, -87.8977778, 13,  17.20
UP-NW_OB_2, 42.0475000, -87.8997222, 14,  17.30
UP-NW_OB_2, 42.0525000, -87.9122222, 15,  18.20
UP-NW_OB_2, 42.0583333, -87.9238889, 16,  18.50
UP-NW_OB_2, 42.0630556, -87.9361111, 17,  19.60
UP-NW_OB_2, 42.0841667, -87.9836111, 18,  22.50
UP-NW_OB_2, 42.0952778, -88.0091667, 19,  24.20
UP-NW_OB_2, 42.1130556, -88.0483333, 20,  26.40
UP-NW_OB_2, 42.1527778, -88.1319444, 21,  31.50
UP-NW_OB_2, 42.1977778, -88.2194444, 22,  37.00
UP-NW_OB_2, 42.2088889, -88.2413889, 23,  38.30
UP-NW_OB_2, 42.2341667, -88.2980556, 24,  41.80
UP-NW_OB_2, 42.2397222, -88.3052778, 25,  42.50
UP-NW_OB_2, 42.3233333, -88.2941667, 26,  45.60
UP-NW_OB_2, 42.3433333, -88.2761111, 27,  50.10
UP-W_IB_1, 41.8905556, -88.4638889, 1,   0.00
UP-W_IB_1, 41.8866667, -88.4122222, 2,   2.70
UP-W_IB_1, 41.8830556, -88.3561111, 3,   5.30
UP-W_IB_1, 41.8816667, -88.3100000, 4,   8.00
UP-W_IB_1, 41.8800000, -88.2666667, 5,  11.40
UP-W_IB_1, 41.8811111, -88.1988889, 6,  13.50
UP-W_IB_1, 41.8755556, -88.1791667, 7,  14.00
UP-W_IB_1, 41.8700000, -88.1569444, 8,  16.00
UP-W_IB_1, 41.8644444, -88.1119444, 9,  18.50
UP-W_IB_1, 41.8683333, -88.0902778, 10,  19.70
UP-W_IB_1, 41.8766667, -88.0647222, 11,  21.10
UP-W_IB_1, 41.8866667, -88.0186111, 12,  23.60
UP-W_IB_1, 41.8963889, -87.9775000, 13,  25.70
UP-W_IB_1, 41.8997222, -87.9408333, 14,  27.80
UP-W_IB_1, 41.8983333, -87.9272222, 15,  28.30
UP-W_IB_1, 41.8961111, -87.9152778, 16,  29.20
UP-W_IB_1, 41.8913889, -87.8825000, 17,  30.80
UP-W_IB_1, 41.8900000, -87.8688889, 18,  31.70
UP-W_IB_1, 41.8902778, -87.8555556, 19,  32.20
UP-W_IB_1, 41.8883333, -87.8386111, 20,  33.00
UP-W_IB_1, 41.8875000, -87.8302778, 21,  33.50
UP-W_IB_1, 41.8869444, -87.8250000, 22,  33.80
UP-W_IB_1, 41.8869444, -87.8011111, 23,  35.00
UP-W_IB_1, 41.8894444, -87.7291667, 24,  38.70
UP-W_IB_1, 41.8883333, -87.7069444, 25,  39.90
UP-W_IB_1, 41.8869444, -87.6836111, 26,  40.90
UP-W_IB_1, 41.8866667, -87.6822222, 27,  41.00
UP-W_IB_1, 41.8822222, -87.6405556, 28,  43.50
UP-W_OB_1, 41.8822222, -87.6405556, 1,   0.00
UP-W_OB_1, 41.8866667, -87.6822222, 2,   2.50
UP-W_OB_1, 41.8869444, -87.6836111, 3,   2.60
UP-W_OB_1, 41.8883333, -87.7069444, 4,   3.60
UP-W_OB_1, 41.8894444, -87.7291667, 5,   4.80
UP-W_OB_1, 41.8869444, -87.8011111, 6,   8.50
UP-W_OB_1, 41.8869444, -87.8250000, 7,   9.70
UP-W_OB_1, 41.8875000, -87.8302778, 8,  10.00
UP-W_OB_1, 41.8883333, -87.8386111, 9,  10.50
UP-W_OB_1, 41.8902778, -87.8555556, 10,  11.30
UP-W_OB_1, 41.8900000, -87.8688889, 11,  11.80
UP-W_OB_1, 41.8913889, -87.8825000, 12,  12.70
UP-W_OB_1, 41.8961111, -87.9152778, 13,  14.30
UP-W_OB_1, 41.8983333, -87.9272222, 14,  15.20
UP-W_OB_1, 41.8997222, -87.9408333, 15,  15.70
UP-W_OB_1, 41.8963889, -87.9775000, 16,  17.80
UP-W_OB_1, 41.8866667, -88.0186111, 17,  19.90
UP-W_OB_1, 41.8766667, -88.0647222, 18,  22.40
UP-W_OB_1, 41.8683333, -88.0902778, 19,  23.80
UP-W_OB_1, 41.8644444, -88.1119444, 20,  25.00
UP-W_OB_1, 41.8700000, -88.1569444, 21,  27.50
UP-W_OB_1, 41.8755556, -88.1791667, 22,  29.50
UP-W_OB_1, 41.8811111, -88.1988889, 23,  30.00
UP-W_OB_1, 41.8800000, -88.2666667, 24,  32.10
UP-W_OB_1, 41.8816667, -88.3100000, 25,  35.50
UP-W_OB_1, 41.8830556, -88.3561111, 26,  38.20
UP-W_OB_1, 41.8866667, -88.4122222, 27,  40.80
UP-W_OB_1, 41.8905556, -88.4638889, 28,  43.50
